b 0 535 337 536 342 371 336 537 54 67 403 398 411 415 417 416 394 541 455 73 63 454 387 389 62 388 385 393 367
c 393 539 395
c 367 391
c 394 457
c 0 341
c 54 380 375 384
c 415 399
c 416 366 370
c 342 343
c 342 339
c 536 372 369
c 537 335
c 537 338
c 537 65
c 403 397 400 402
c 54 381 407
c 54 374
c 54 56
c 411 406
c 416 409
c 385 396
c 62 386
c 454 542
c 415 404
c 367 538
b 1 77 484 79 78 14 11 114 95 120 121 111
c 121 112
c 95 93 90 104 107
c 114 113
c 114 96
c 114 101
c 121 12 13
c 79 80 475
c 79 472
c 484 478
b 2 148 139 140 135 127 131 134 29 208 205 206 129 145 146 18 149
c 129 144
c 29 207
c 131 133 132 142 154
c 127 137
c 140 141
c 140 20 147
c 131 19
c 145 150
c 146 143
c 127 138
c 135 136
b 3 497 489 485 500 511 498 165 161 514 501 488 487 194 193 516 515 196 186 531 495 524 508 525 530 493 506 520 496 504
c 515 195
c 196 198
c 524 529
c 530 522 528
c 495 521 533 532
c 504 509
c 488 491
c 3 503
c 488 512
c 489 510 490 513
c 489 486 151 128 125
c 520 526 527 494
c 165 158
c 161 176
c 511 507
c 498 505
c 498 170
c 500 175
c 489 181
c 485 502 499
c 508 518 517
c 516 519
c 495 523
b 4 246 36 40 258 243 254 253 260 311 310 309 306 333 456 458 453 450 220 185 197 26
c 456 540 247
c 253 37
c 254 248
c 36 244
c 4 201
c 26 200
c 26 191
c 185 189
c 185 188
c 26 199
c 306 44 334
c 333 340
c 450 216 492
c 450 221
c 220 448 449 451 452
c 453 390
c 246 249
c 36 250 245
c 253 259
c 40 312 308 313 329 346
c 309 298
c 309 307 304
c 306 534
b 5 91 106 32 219 218 217 28 212 222 34 234 224 211 152 109 130 124 17 156 155 94 116 108 100 123 115
c 115 119
c 91 118
c 91 235 231 35 230
c 234 229
c 234 228 33 227
c 32 223 31
c 222 209 30
c 211 215
c 212 214
c 28 213
c 28 204
c 212 210
c 124 126
c 106 110
c 108 89
c 116 122
c 100 16
c 156 153
b 6 278 178 168 159 169 177 171 21 167 22 25 179 172 162 284 283 277 265 289 286 271 287 272 274 290 276 275
c 286 293 285 288 42
c 271 269
c 287 279
c 286 292 264
c 275 263
c 284 281
c 172 160
c 178 163
c 168 180
c 168 157
c 274 24
c 169 23
c 22 174
c 169 173 166
c 169 164
c 274 270
c 274 280
b 7 295 262 273 315 326 316 332 323 45 320 318 327 266 41 43 192 27 190 184 182 267 38 252
c 184 202
c 190 203 183
c 192 187
c 192 268 282
c 267 261
c 252 257 256 255 251
c 273 294
c 326 319 330 47 363
c 332 48
c 316 325 322
c 323 321 314
c 318 317 324
c 315 297
c 38 39
c 332 331
c 267 296 291
b 8 52 350 347 356 352 355 353 359 362 46 328 50 345 360 361 344 299 300 303 302
c 50 49
c 50 348
c 360 51
c 8 358 357 364
c 8 354
c 360 351
c 344 349
c 302 301
c 302 305
c 50 53
b 9 71 72 443 446 439 445 440 436 441 432 447 418 408 425 412 378 373 60 70 422
c 60 59
c 412 426
c 412 437
c 422 431
c 432 438
c 441 442
c 436 424
c 432 434
c 436 435
c 443 429 428 427
c 440 477
c 447 419
c 418 420
c 418 405
c 408 410
c 412 66 401
c 436 423
c 72 68
c 70 430
c 70 382 58 377 376 383
c 373 379
c 378 61
c 70 57
c 70 55
b 10 465 74 15 102 103 75 479 473 476 481 480 421 433 467 462 461 460 413 365 466 470 236 105 238 242 241 392 469
c 392 368
c 480 444
c 433 64
c 365 463
c 392 233
c 242 240
c 236 232 98
c 105 99
c 238 225 226
c 238 237
c 238 239
c 105 117
c 105 97
c 102 92
c 75 87
c 75 86
c 462 483
c 462 482
c 461 76
c 433 414
c 461 464
c 462 85 84 474
c 476 81 83 82 88
c 473 471
c 480 69
c 74 468
c 392 459
