b 0 341 451 452 389 62 388 385 539 367 366 417 415 411 403 67 54 537 342 536 372 369
c 367 391
c 54 374
c 54 56
c 403 398
c 403 397
c 411 406
c 537 336
c 537 338
c 537 335
c 342 339
c 0 337 535
c 342 343
c 342 371
c 366 370
c 417 416 409
c 537 65
c 415 399
c 417 413
c 367 394 457 541 455 73
c 367 63
c 385 454
c 389 387
c 385 396
c 62 386
c 385 393
c 539 395
c 415 404
c 367 538
b 1 77 484 79 78 14 11 114 95 120 121 111
c 95 93
c 121 12 13
c 121 112
c 114 96
c 114 113
c 114 101
c 79 80 475
c 79 472
c 484 478
b 2 148 139 140 135 127 131 134 29 208 206 129 144 145 146 149
c 127 132
c 127 137
c 140 141
c 140 20 147
c 146 18
c 146 143
c 145 150
c 131 133
c 131 19
c 206 205
c 29 207
c 127 138
c 135 136
b 3 503 504 509 493 530 525 508 518 517 516 515 186 531 495 533 528 520 496 490 510 486 485 511 507 165 514 487 488
c 520 526 527 494
c 508 492
c 508 529 524
c 530 522
c 493 506
c 495 521 523
c 533 532
c 488 491
c 488 512
c 3 497
c 486 489
c 510 513
c 486 151 128 125
c 486 181 175
c 511 505
c 511 498 170
c 165 161 176
c 165 158
c 516 519
c 514 501
c 485 502 499
c 485 500
b 4 246 36 40 258 254 253 311 310 309 306 44 333 456 458 453 450 185 197 26 200
c 450 216
c 185 188
c 185 189
c 26 199
c 26 191 202
c 4 201
c 258 251
c 258 243
c 36 244
c 36 250 245
c 246 249
c 254 248
c 253 260
c 253 259
c 40 312 308 313 47
c 44 334
c 456 540 247
c 253 37
c 309 298
c 309 307 304
c 306 534
c 333 340
c 458 542
c 450 220
c 453 390
b 5 231 91 106 32 223 211 209 212 222 34 234 224 218 217 152 109 130 124 107 94 90 116 108 100 16 123 115
c 90 104 155 153 156
c 124 17
c 124 126 142 154
c 217 28 213 204
c 212 214
c 234 229 230
c 234 228 33 227
c 32 219
c 223 31
c 231 35 240
c 115 119
c 91 118
c 91 235
c 106 110
c 108 89
c 211 215
c 209 30
c 212 210
c 209 221 448 449
c 116 122
b 6 278 178 168 180 159 169 177 171 21 167 22 25 179 172 162 284 283 265 289 286 271 287 272 274 290 276 275
c 172 160
c 168 157
c 178 163
c 169 23
c 22 174
c 274 24
c 275 263 264
c 286 292
c 287 279
c 271 269 42 285 288 293
c 283 277
c 284 194
c 284 193
c 284 281
c 169 164
c 169 173 166
c 274 270
c 274 280
b 7 294 326 316 332 323 45 320 318 266 41 43 187 183 190 184 182 267 39 273
c 183 198
c 39 252
c 39 295 262
c 294 315 297
c 267 261
c 182 256 255 257
c 316 325 322
c 323 321
c 326 319 330
c 332 48
c 318 327
c 326 324
c 318 317
c 332 331
c 39 38
c 184 27
c 187 192 268 282
c 187 195
c 183 196
c 190 203
c 267 296 291
b 8 358 51 359 362 348 50 328 363 349 344 301 299 300 303 302 305
c 363 346
c 50 49
c 50 345 360 361 351
c 8 354 52 350 347
c 358 356
c 358 352 355 353
c 362 46 314
c 300 329
c 363 53
c 358 357 364
b 9 71 72 443 429 428 445 440 444 424 436 441 432 447 418 408 412 426 70 57 382 58 377 373 378 61 381 400 437 431
c 373 384
c 373 60 59
c 70 55
c 412 66 401
c 381 407
c 381 380 375
c 377 379
c 377 376 383
c 70 430
c 431 422
c 437 425
c 408 410
c 418 405
c 400 402
c 440 477
c 445 446 439
c 429 427
c 436 435
c 441 442
c 436 423
c 432 438
c 432 434
c 447 419
c 418 420
c 72 68
b 10 465 74 468 236 105 237 226 241 392 365 461 76 86 479 473 476 481 480 69 421 433 467 462 85 464
c 392 469
c 465 466 470
c 74 15 102 103 75 87
c 105 92
c 105 97
c 105 117
c 433 64
c 461 460
c 365 463
c 392 368
c 226 225
c 237 238
c 237 239
c 241 242
c 236 232 98
c 105 99
c 392 233
c 392 459
c 462 483
c 462 482
c 85 84 474
c 476 81 83 82 88
c 473 471
c 85 414
