b 0 341 454 539 367 457 541 455 73 63 387 385 396 417 415 411 403 67 54 537 342 339 536 372 369
c 454 542
c 457 394
c 0 337 535
c 396 241 242 392 469
c 385 393
c 539 395
c 367 391
c 367 368
c 417 366 370 371
c 342 343
c 537 335
c 537 338
c 537 336
c 537 65
c 403 398
c 403 397
c 415 404 64
c 415 399
c 417 413
c 417 365 463
c 417 416
c 411 406
c 417 409
c 54 374 381 407
c 54 380 375
c 54 56
c 367 459
c 367 538
b 1 484 478 83 88 475 14 11 114 95 120 121 102 103
c 102 92
c 120 97 105 117
c 95 93 90 104 107
c 83 476 81
c 88 82
c 475 80 79 78
c 1 77
c 103 87
c 103 75
c 121 111
c 121 12 13
c 121 112
c 114 96
c 114 113
c 114 101
c 478 472
b 2 148 139 140 135 127 131 134 29 208 205 206 129 145 146 18 149
c 129 144
c 205 526 527 494
c 29 207
c 131 133 132 142 154
c 127 137
c 140 141
c 140 20 147
c 131 19
c 145 150
c 146 143
c 127 138
c 135 136
b 3 512 488 487 518 517 516 515 196 186 531 495 521 533 532 524 508 525 530 506 496 490 510 489 486 485 511 498 165 161
c 515 195
c 196 198
c 516 519
c 524 529
c 530 493 509 504
c 488 491
c 3 503
c 3 497
c 161 501
c 161 514
c 161 176
c 165 158
c 498 170
c 498 505
c 485 500 175
c 486 181
c 486 151 128 125
c 506 520
c 530 522 528
c 521 523
c 510 513
c 485 502 499
c 511 507
b 4 201 246 36 40 258 254 253 311 310 309 306 44 333 456 458 453 450 220 185 197 26 200
c 456 540 247
c 253 37
c 254 248
c 36 244
c 258 243
c 26 191
c 185 189
c 185 188
c 26 199
c 450 216 492
c 220 448 449 452 451
c 453 390
c 44 334
c 306 534
c 309 298
c 40 312 308 304 303
c 309 307
c 253 260
c 253 259
c 253 245
c 246 249
c 36 250
c 333 340
b 5 106 32 223 228 234 386 209 212 217 152 109 130 124 17 156 155 94 116 108 100 16 123 115
c 217 28 213 204
c 212 214
c 209 222
c 386 34 62 389 388
c 234 225 226 238 237 239
c 106 110
c 115 119
c 115 99
c 108 89
c 115 118
c 5 235 231 35 230
c 234 229 240 232 98 236
c 106 91
c 32 218
c 32 219
c 223 31
c 234 224 211 215
c 209 30
c 212 210
c 209 221
c 156 153
c 124 126
c 228 227 33
c 116 122
b 6 278 178 168 159 169 177 171 21 167 22 25 179 172 162 284 283 277 265 289 286 271 287 272 274 24 276 275
c 286 292 264
c 274 290
c 275 263
c 284 281
c 284 193 194
c 172 160
c 168 157
c 178 163
c 168 180
c 169 23
c 22 174
c 169 173 166
c 169 164
c 274 270
c 271 269
c 287 279
c 274 280
b 7 295 262 273 315 297 43 192 27 190 184 182 267 38 39 252 256 313 329 332 316 323 45 42 285 288 293 318 327 324
c 256 251
c 184 202
c 190 203 183
c 192 187
c 192 268 282
c 267 261
c 256 255
c 256 257
c 273 294
c 316 326 319 330
c 329 47
c 329 363
c 316 325 322
c 323 321
c 318 317
c 293 266 41
c 42 320
c 329 346
c 332 48
c 332 331
c 267 296 291
b 8 358 352 355 353 362 348 50 53 349 344 351
c 50 49
c 50 328
c 50 345 361 360
c 8 354 52 350 347
c 352 356
c 358 357 364
c 358 51
c 362 359
c 362 46 314
c 351 305
c 344 301 299 300
c 344 302
b 9 71 72 443 429 428 445 440 436 441 432 447 418 408 410 412 66 378 373 426 70 422
c 66 400 402
c 418 405
c 373 60 59
c 70 382 58 377 376 383
c 373 379 384
c 378 61
c 66 401
c 412 437 425
c 422 431
c 432 438
c 441 442
c 436 424
c 432 434
c 436 435
c 436 423
c 445 446 439
c 429 427
c 440 477 480 444
c 447 419
c 418 420 433 414
c 440 69 421
c 72 68
c 70 430
c 70 57
c 70 55
b 10 465 74 461 76
c 465 466 470
c 74 15
c 74 468
c 461 460
c 461 464
c 461 467 462 483 482
c 76 86 479 473 471
c 465 233
c 461 85 84 474 481
