b 0 341 454 389 62 388 385 393 367 457 541 535 536 372 371 342 335 537 54 67 403 398 411 415 417 416 366
c 393 539 395
c 385 396
c 367 392 469
c 54 380 375
c 415 404 64
c 415 399
c 417 413
c 417 365 463
c 367 368
c 367 391
c 457 394
c 541 455 73
c 454 63
c 389 387
c 62 386
c 454 542
c 54 381 407 400 402
c 403 397
c 411 406
c 537 336
c 537 338
c 537 65
c 54 374
c 54 56
c 342 339
c 535 337
c 342 343
c 366 370
c 372 369
c 367 459
c 416 409
c 367 538
b 1 77 484 478 83 82 88 80 475 14 11 114 95 120 121 111
c 120 97
c 114 113
c 114 96
c 114 101
c 95 93
c 83 476 81
c 121 112
c 121 12 13
c 1 78
c 80 79 472
b 2 148 139 140 135 127 131 19 150 129 145 146 18 149
c 129 144
c 129 206 205 208 29 134
c 131 133 132 142 154
c 127 137
c 140 141
c 140 20 147
c 146 143
c 127 138
c 135 136
b 3 503 504 509 530 525 508 518 517 516 515 196 186 531 495 521 523 526 520 496 490 510 489 485 511 507 165 161 501 488
c 196 198
c 516 519
c 508 529 524
c 530 493 506
c 530 522 528 532
c 521 533
c 526 527 494 207
c 508 492
c 488 491
c 488 512
c 3 497
c 489 486 151 128 125
c 510 513
c 489 181 175
c 511 505
c 511 498 170
c 165 158
c 161 176
c 161 514
c 488 487
c 485 502 499
c 485 500
b 4 246 36 40 258 254 260 311 310 309 306 333 456 458 453 450 220 185 197 26 200
c 450 216
c 185 188
c 185 189
c 26 199
c 26 191 202
c 4 201
c 258 243
c 36 244
c 36 250 245
c 246 249
c 254 248
c 260 253
c 260 259
c 40 312 308 313 329 363
c 306 534
c 306 44 334
c 220 448 449 452 451
c 453 390
c 456 540 247
c 260 37
c 309 298
c 309 307 304 303
c 333 340
b 5 91 106 32 223 211 209 212 222 34 234 225 224 218 217 152 109 130 124 107 94 116 108 100 16 123 115
c 225 242 241
c 225 237 238 239
c 225 226
c 115 99
c 115 119
c 91 118
c 91 235 231 35 230
c 234 229 240 232 98
c 106 110
c 108 89
c 32 219
c 223 31
c 234 228 33 227
c 211 215
c 209 30
c 212 214
c 217 28 213 204
c 212 210
c 209 221
c 124 17 156 155 153
c 124 126
c 116 90 104
c 116 122
b 6 278 178 163 159 169 177 171 21 167 22 25 179 172 162 284 283 277 265 289 286 271 287 272 274 290 276 275
c 284 194
c 284 193
c 163 180
c 178 168 157
c 172 160
c 169 164
c 22 174 23
c 169 173 166
c 274 24
c 275 263 264
c 286 292
c 287 279
c 271 269
c 274 270
c 274 280
c 284 281
b 7 295 262 252 267 38 255 184 203 187 192 297 293 285 42 320 318 317 323 321 325 316 332 48 47 330 319 326
c 203 183
c 187 195
c 255 251
c 262 273 294 315
c 267 261
c 255 257
c 255 256
c 184 182
c 184 27 190
c 192 268 282 43
c 285 288
c 293 266 41
c 38 39
c 317 324
c 318 327
c 323 45
c 325 314
c 325 322
c 332 331
c 267 296 291
b 8 358 352 355 353 359 362 46 328 49 345 361 344 301 305
c 49 50
c 49 348
c 361 360
c 361 351
c 8 354 52 350 347
c 352 356
c 358 357 364
c 358 51
c 344 349
c 301 299 300 346
c 49 53
c 301 302
b 9 71 72 443 446 439 445 444 424 436 441 432 418 408 412 378 373 384 377 376 58 70 422
c 373 60 59
c 412 426
c 412 437 425
c 408 410
c 418 405
c 445 477 480 69 474 481
c 445 440
c 436 435
c 441 442
c 418 447
c 418 420 433 414
c 424 419
c 432 434
c 436 423 427 429 428
c 72 68
c 432 438
c 422 431
c 70 57 382
c 376 383
c 377 379
c 412 66 401
c 378 61
c 70 55
c 70 430
b 10 465 74 15 75 461
c 465 466 470 236 105 117
c 461 460
c 15 92
c 15 102 103
c 75 87
c 75 86 479 473 471
c 461 464
c 461 76
c 75 483
c 461 462 482
c 461 467
c 461 85 84 421
c 465 233
c 74 468
