b 0 341 454 387 62 385 367 417 415 411 403 67 54 537 342 339 536
c 367 391
c 62 234
c 385 396
c 385 539 395
c 385 393
c 367 394 457 541 455 73
c 454 63
c 454 458
c 454 542
c 62 389
c 62 388
c 62 386
c 417 366 370 371
c 342 343
c 537 335
c 537 338
c 54 380 375 384
c 403 398
c 403 397 407 381
c 54 56
c 54 374
c 537 336
c 537 65
c 411 406
c 417 416 409
c 417 413
c 415 399 460
c 0 337 535
c 536 372 369
c 367 538
b 1 77 484 478 472 80 475 14 11 114 95 121 102 103
c 103 75 87
c 121 111
c 121 12 13
c 95 120
c 95 93 90 104 94
c 478 471
c 472 79 78
c 114 96
c 114 113
c 114 101
c 121 112
b 2 148 139 140 135 127 131 134 29 208 206 129 145 146 18 149
c 129 144
c 206 205
c 29 207 28 213 204
c 127 132
c 131 133
c 127 137
c 140 141
c 140 20 147
c 131 19
c 145 150
c 146 143
c 127 138
c 135 136
b 3 503 504 493 529 524 518 517 516 515 196 186 531 495 523 526 520 496 490 513 489 485 511 498 165 161 501 488
c 529 508 525
c 493 530 522 528
c 493 506
c 504 509
c 488 491
c 488 512
c 3 497
c 490 510
c 489 486 151 128 125
c 526 527 494
c 489 181 175
c 498 505
c 498 170
c 196 198
c 495 521 533 532
c 516 519
c 488 487
c 161 514
c 161 176
c 165 158
c 511 507
c 485 502 499
c 485 500
b 4 201 246 36 40 258 254 253 311 310 309 306 333 456 453 450 185 188 197 200
c 450 448 449
c 450 220
c 450 216 492
c 306 334
c 185 189
c 200 26 191 202 184 182
c 258 243
c 36 244
c 36 250 245
c 246 249
c 254 248
c 253 260
c 253 259
c 40 312 308 313 47 363
c 200 199
c 253 37
c 309 298
c 306 44
c 306 534
c 333 340
c 456 540 247
c 309 307 304
c 453 390
b 5 91 106 32 223 211 209 212 222 34 228 219 152 126 17 156 153 107 116 108 100 16 115
c 115 119
c 91 118
c 91 235 231 35 230
c 212 214
c 209 221 452 451
c 211 224
c 211 215
c 209 30
c 223 31
c 228 229 240
c 156 155
c 17 124 109 130
c 219 218 217
c 126 142 154
c 106 110
c 108 89
c 16 123
c 228 33 227
c 212 210
c 116 122
b 6 278 178 168 159 169 177 171 21 167 22 25 179 172 162 284 283 265 289 286 271 287 272 274 290 276 275 281
c 168 180
c 178 163
c 169 23
c 22 174
c 274 24
c 275 263 264
c 286 292
c 287 279
c 271 269
c 284 194
c 284 193
c 172 160
c 168 157
c 169 164
c 169 173 166
c 274 270
c 283 277
c 274 280
b 7 294 315 295 262 252 267 38 27 192 293 285 288 42 320 318 327 324 326 325 332 330
c 293 266 41
c 192 43
c 192 268 282
c 192 187 195
c 252 255 256 257 251
c 326 319
c 325 316 323 321 45
c 318 317
c 325 322
c 325 314
c 315 297
c 267 261
c 27 190 203 183
c 332 48
c 332 331
c 262 273
c 38 39
c 267 296 291
b 8 354 52 350 347 356 352 355 353 359 362 46 328 49 50 345 360 361 344 299 300 302 305
c 300 346
c 344 349
c 360 351
c 302 301
c 300 329
c 49 348
c 360 51
c 8 358 357 364
c 300 303
c 49 53
b 9 71 72 443 429 428 445 440 436 441 432 447 418 408 412 426 70 57 382 58 60 373 378 437 431
c 60 59
c 70 55
c 412 66 400 402
c 373 379
c 58 377 376 383
c 70 430
c 431 422
c 437 425
c 408 410
c 418 405
c 436 424
c 432 434
c 436 435
c 441 442
c 436 423
c 445 446 439
c 429 427
c 440 477
c 447 419
c 432 438
c 72 68
c 412 401
c 378 61
b 10 74 15 92 97 105 237 238 241 392 365 404 433 467 462 85 84 474 481 480 476 86
c 392 469
c 10 465 466 470
c 105 236 232 98
c 105 99
c 237 225 226
c 237 239
c 241 242
c 392 368
c 392 233
c 392 459
c 365 463
c 467 76
c 404 64
c 85 414
c 85 464
c 10 461
c 462 483
c 462 482
c 86 479 473 83
c 476 81 88 82
c 74 468
c 105 117
c 480 69
c 480 444
c 480 421
c 404 420
