b 0 341 454 387 389 62 388 385 393 367 366 416 417 415 411 403 67 54 537 342 339 536 372 369
c 342 340
c 0 535 337
c 342 343
c 537 335
c 537 336
c 537 65
c 403 398
c 411 406
c 416 409
c 342 371
c 366 370
c 367 368
c 367 391
c 367 394 457 541 455 73
c 454 63
c 393 539 395
c 385 396
c 387 390
c 62 451 452
c 454 542
c 54 374
c 403 402
c 415 64
c 367 538
b 1 78 13 12 102 103 87
c 12 111
c 87 484
c 1 77
c 78 14 475 80 79 472
c 78 478 83 81 88 82
c 12 121 120 95 114 101
c 12 11 96 113
c 102 112
b 2 148 139 140 135 127 131 134 29 208 205 206 129 145 146 18 149
c 129 144
c 205 527 494
c 29 207
c 131 133 132
c 127 137
c 140 141
c 140 20 147
c 131 19
c 145 150
c 146 143
c 145 151 181 175 500
c 127 138
c 135 136
b 3 503 504 509 530 525 508 518 517 516 515 196 186 531 495 521 523 526 520 496 490 510 489 485 511 498 165 161 501 488
c 488 512
c 3 497
c 489 486
c 510 513
c 488 491
c 488 487 194 193
c 516 519
c 508 529 524
c 530 493 506
c 530 522 528 532
c 521 533
c 521 213 214 216 492
c 515 195
c 496 125
c 496 128
c 485 502 499
c 161 514
c 511 507
c 498 505
c 498 170
b 4 246 36 40 254 253 311 310 309 333 456 458 453 450 185 197 26 200
c 36 244
c 4 201 202
c 26 191
c 26 199 198
c 185 189
c 185 188
c 450 221
c 450 220
c 456 540 247
c 253 37
c 254 248
c 36 250 245
c 246 249
c 40 258 243
c 40 312 308
c 253 260
c 253 259
c 309 298
c 309 306 44
b 5 91 106 32 223 211 215 34 386 209 30 218 152 109 130 124 17 156 155 94 116 108 100 16 123 115
c 91 98 99
c 115 119
c 91 118
c 91 235 231 35 230
c 34 234 225 239 229
c 215 224
c 223 31
c 32 219
c 218 217 28 204
c 209 212 210
c 209 222
c 386 448 449
c 215 228 33 227
c 106 110
c 108 89
c 91 232
c 116 93 90 104 107
c 124 126 142 154
c 156 153
b 6 278 178 168 159 169 177 171 21 167 22 25 179 172 162 284 283 277 265 289 286 271 287 272 274 290 276 275
c 168 180
c 178 163
c 169 23
c 22 174
c 274 24
c 275 263 264
c 286 292
c 287 279
c 283 268
c 284 281
c 172 160
c 172 158 176
c 168 157
c 169 173 166
c 169 164
c 274 280
b 7 252 267 38 27 190 203 187 192 43 293 285 288 42 320 318 317 323 321 325 316 332 319 330
c 7 315
c 7 294
c 38 295 262 273
c 316 326
c 317 324
c 318 327
c 293 266 41
c 43 282
c 267 261
c 190 184 182
c 252 256 257 255 251
c 38 39
c 267 297
c 203 183
c 330 313 47
c 330 329
c 332 48
c 325 322
c 325 314
c 323 45
c 42 269 270
c 332 331
c 267 296 291
b 8 354 52 305 301 299 300 303 302 534 338 56 380 375 379 364 357 352 355 353 359 362 46 328 50 49 345 361 360 351
c 361 344 349
c 328 363 346
c 50 53
c 50 348
c 361 51
c 8 358
c 352 356
c 52 350 347
c 302 307 304
c 338 334
b 9 71 72 442 432 434 424 436 423 427 429 428 445 444 419 447 418 408 412 66 378 373 60 59 57 430 422 431
c 72 68
c 427 443
c 436 435
c 436 441
c 445 440
c 445 446 439
c 432 438
c 418 405
c 408 410
c 431 425
c 412 437
c 422 70 55 426
c 66 401 381 407
c 66 400 397
c 378 61
c 57 382 58 377 376 383
c 373 384
b 10 465 74 15 75 86 479 473 476 481 480 421 433 467 462 461 460 413 365 392 242 240 470 236 105 97
c 462 483
c 462 482
c 461 76
c 433 414
c 460 399
c 461 464
c 462 85 84 474
c 480 69
c 481 477
c 473 471
c 15 92
c 105 117
c 465 466
c 74 468
c 242 237 238 226
c 242 241
c 392 469
c 365 463
c 392 233
c 392 459
c 460 404 420
c 105 122
