b 0 454 387 389 62 388 385 393 367 416 417 415 411 403 67 54 537 342 339
c 0 341
c 403 398
c 403 397
c 411 406
c 537 336
c 537 338
c 415 404
c 415 399
c 416 366 370 371
c 342 343
c 537 335
c 0 337 535 536 372 369
c 367 394 457 541 455 73
c 454 63
c 393 539 395
c 385 241 242 237 238 239
c 62 386
c 385 396
c 417 365 463
c 367 391
c 454 458
c 454 542
c 537 65
c 54 374
c 54 56
c 416 409
c 367 538
b 1 484 79 78
c 1 77
c 78 14 12 121 111
c 78 13 11 96 113
c 79 80 475
c 79 472
c 484 478
b 2 148 139 140 19 131 133 132 127 29 208 205 206 145 146 18 149
c 206 129
c 29 134
c 29 207 494 527 526
c 140 20 147
c 140 141
c 127 137
c 140 135
c 127 138
c 145 150
c 146 143
c 127 136
b 3 503 491 504 509 530 508 518 517 516 515 196 186 531 495 521 533 520 490 510 489 486 485 511 507 165 161 501 487
c 515 195
c 196 198
c 508 525
c 530 493 506
c 520 496 144
c 530 522 528
c 533 532 529 524
c 516 519
c 487 194 193
c 515 187 192 43 265 289
c 165 172 160
c 165 158
c 161 176 162
c 491 488 512
c 3 497
c 510 513
c 486 151 128 125
c 486 181 175
c 511 505
c 511 498 170
c 161 514
c 485 502 499
c 485 500
c 521 523
b 4 36 40 254 260 311 310 309 306 333 456 453 450 185 197 26 191
c 456 540 247
c 260 37
c 254 248
c 36 244
c 4 201
c 191 202 184 182 27 190
c 191 203 183
c 185 189
c 185 188
c 26 200
c 26 199
c 4 246 249
c 36 250 245
c 40 258 243
c 40 312 308 313 47
c 306 334
c 333 340
c 450 448 449
c 450 220
c 450 216 492
c 453 390
c 260 253
c 260 259
c 309 298
c 306 44
c 306 534
c 309 307 304
b 5 91 98 93 116 94 107 124 126 142 152 218 223 211 209 222 234 228 32
c 234 226 225
c 222 34
c 142 154
c 218 217 28 213 204
c 209 212 214
c 209 221 451 452
c 234 229 230
c 234 224
c 211 215
c 209 30
c 223 31
c 32 219
c 218 106 110 115 119
c 93 90 104 155 153 156
c 124 17
c 124 109 130
c 91 235 231 35
c 91 118
c 116 108 100 16 123 89
c 228 227 33
c 209 210
c 116 122
b 6 278 178 168 180 159 164 171 21 167 22 24 275 281
c 281 284 283 277 282 268
c 275 263
c 178 163
c 22 25
c 178 179
c 164 270
c 22 174 23
c 159 169
c 164 177
c 159 173 166
c 168 157
c 171 280
b 7 294 315 297 261 267 38 39 252 295 262 273 326 316 332 323 45 320 318 327 266 293 285 288 269 317 324
c 252 251
c 252 255 256 257
c 326 319
c 316 325 322
c 323 321 314
c 293 286 292 264 276
c 269 279
c 269 271 287 272 274 290
c 332 48
c 332 331
c 269 42
c 266 41
c 267 296 291
b 8 354 52 350 347 356 352 355 353 359 362 348 49 50 328 363 53 360 361 344 299 300 303 302 305
c 363 346
c 344 349
c 360 351
c 302 301
c 300 329 330
c 362 46
c 49 345
c 360 51
c 8 358 357 364
b 9 71 72 442 441 436 423 445 440 424 432 447 418 408 412 426 70 57 382 58 377 373 378 61 401 381 407 400 437 431
c 373 384
c 373 60 59
c 70 55
c 412 66
c 400 402
c 381 380 375
c 377 379
c 377 376 383
c 70 430
c 431 422
c 437 425
c 408 410
c 418 405
c 447 419
c 418 420
c 440 477
c 445 446 439 428 429
c 423 427 443
c 436 435
c 432 434
c 432 438
c 72 68
b 10 465 74 468 236 105 240 470 75 86 479 473 476 481 480 421 433 467 462 461 460 413 392 469
c 433 64
c 105 99
c 105 117 120 95 114 101
c 105 97
c 236 232
c 465 466
c 74 15 102 103
c 75 87
c 105 92 112
c 461 76
c 462 483
c 462 482
c 462 84 474
c 476 81 83 82 88
c 473 471
c 480 444
c 433 414
c 461 464
c 392 368
c 392 459
c 392 233
c 462 85
c 480 69
