b 0 341 452 389 388 385 396 539 367 417 415 411 403 67 54 537 342 369
c 0 535 337 536
c 342 339
c 341 456 540 247
c 54 381 407
c 403 398
c 403 397
c 411 406
c 537 336
c 537 338
c 54 380 375
c 415 404 64
c 415 399
c 417 413
c 417 366 370 371
c 342 343
c 537 335
c 369 372
c 417 365 463
c 389 62 386
c 452 451
c 389 387
c 396 242 241 392 469
c 367 368
c 367 391
c 367 394 457 541 455 73
c 367 63
c 385 454
c 539 395
c 385 393
c 367 459
c 417 416 409
c 537 65
c 54 374
c 54 56
c 367 538
b 1 78 14 11 114 95 120 121 102 103 87 478 83 88 80
c 102 92
c 120 97 105 117
c 95 93 90 104 94
c 103 75 86 479 473 471
c 83 476 81
c 88 82
c 114 96
c 114 113
c 114 101
c 121 12
c 121 111
c 87 484
c 1 77
c 80 79 472
c 80 475
c 14 13
c 121 112
b 2 148 139 140 135 127 131 129 145 146 18 149
c 129 144
c 129 206 205 208 29 134
c 131 133 132 142 154
c 131 19
c 145 150
c 127 137
c 140 141
c 140 20 147
c 146 143
c 127 138
c 135 136
b 3 488 491 509 493 525 508 529 518 517 516 515 196 186 531 495 521 213 526 520 496 490 510 489 502 511 505 498 165 161
c 196 198 183
c 515 195
c 516 519
c 493 530 522 528
c 493 506
c 509 504
c 3 503
c 488 512
c 3 497
c 489 486 151 128 125
c 510 513
c 521 533 532
c 529 524
c 508 492
c 213 204
c 521 523
c 489 181 175 500
c 502 485
c 502 499
c 161 501
c 161 514
c 161 176
c 165 158 172 160
c 488 487
c 511 507
c 498 170
b 4 246 36 40 258 312 260 259 311 309 306 44 333 458 453 450 185 197 26 200 191 202
c 260 37
c 36 248
c 36 244
c 4 201
c 258 243
c 312 254
c 260 253
c 311 310
c 309 298
c 312 308 313 47 363 346
c 44 334
c 333 340
c 450 448 449
c 450 220
c 450 216
c 185 188
c 185 189
c 202 184 182
c 26 199
c 36 250 245
c 246 249
c 458 542
c 306 534
c 309 307 304
c 453 390
b 5 35 229 234 34 209 30 31 219 218 32 130 107 116 108 100 123 115 118
c 218 106 91 235 231
c 35 230
c 234 224 211 215
c 234 228 33 227
c 32 223
c 209 212 214
c 209 222
c 234 225 226 237 238 239
c 115 119
c 5 110
c 108 89
c 35 240
c 218 217 28 207 494 527
c 209 221
c 209 210
c 218 152
c 130 126
c 130 124 17 156 155 153
c 130 109
c 100 16
c 116 122
b 6 278 178 168 159 164 171 21 167 22 274 287 279 289 268 283 284 281
c 268 187 192 27 190 203
c 283 263
c 268 265
c 268 282 43
c 283 277
c 284 194
c 284 193
c 168 157
c 178 163
c 168 180
c 159 169 23
c 22 25
c 178 179
c 284 162
c 159 173 166
c 164 177
c 22 174
c 274 24
c 274 290
c 287 272
c 287 271 269
c 274 270
c 274 280
b 7 294 315 297 261 267 38 39 252 295 262 273 326 316 325 45 320 318 327 266 41 293 285 288 42 317 324
c 252 251
c 326 319
c 316 323 321
c 325 314
c 325 322
c 316 332 48
c 252 255 256 257
c 316 331
c 293 286 292 264 276 275
c 267 296 291
b 8 354 52 350 347 356 352 355 353 359 362 46 328 49 50 345 360 361 344 299 300 303 302 305
c 344 349
c 360 351
c 302 301
c 300 329 330
c 49 53
c 49 348
c 360 51
c 8 358 357 364
b 9 71 72 442 441 436 424 440 445 446 428 427 432 447 418 408 412 66 373 58 377 376 382 70 422 431
c 373 384
c 373 60 59
c 373 378 61
c 66 401
c 66 400 402
c 377 379
c 376 383
c 70 430
c 70 57
c 70 55 426
c 412 437 425
c 408 410
c 418 405
c 446 439
c 427 429
c 427 443
c 436 435
c 436 423
c 440 477 480 444
c 447 419
c 418 420 433 414
c 440 69 421
c 432 434
c 432 438
c 72 68
b 10 465 461 462
c 461 460
c 465 466
c 465 74 15
c 465 470 236 232 98 99
c 465 233
c 465 468
c 461 464
c 461 76
c 462 483
c 462 482
c 462 467
c 462 85 84 474 481
