b 0 341 454 387 389 62 388 385 393 367 457 394 541 535 536 342 371 336 537 54 67 403 398 411 415 417 416 366 368
c 454 542
c 454 63
c 541 455 73
c 367 391
c 536 372 369
c 535 337
c 342 340
c 342 339
c 342 343
c 537 335
c 537 65
c 54 374
c 403 402
c 411 406
c 416 409
c 366 370
c 393 539 395
c 385 396
c 387 390
c 62 451 452
c 415 64
c 367 538
b 1 484 79 78 13 12 121 102 103
c 79 80 475
c 78 14
c 1 77
c 103 87
c 121 111
c 121 120 95 114 101 11
c 121 96 113
c 121 112
c 484 478 83 81 88 82
c 79 472
b 2 149 146 145 129 206 205 208 29 134 131 127 141
c 2 148 139 140 20 147
c 127 137
c 131 19
c 145 150
c 129 144
c 205 527 494
c 29 207
c 131 133 132
c 127 138
c 127 135 136
c 146 18
c 146 143
c 145 151 181 175 500
b 3 503 491 488 487 194 193 516 519 186 495 521 533 522 493 506 520 496 490 510 489 485 511 507 165 161 514
c 491 504 509
c 493 530 525 508 524 529
c 519 518 517
c 516 195
c 516 515 196
c 186 531
c 533 532
c 522 528
c 520 526
c 521 523
c 521 213 214 216 492
c 488 512
c 3 497
c 489 486
c 510 513
c 161 501
c 485 502 499
c 511 505
c 511 498 170
c 496 128 125
b 4 246 36 40 258 254 253 311 310 309 333 456 458 453 450 185 197 26 200
c 4 201 202
c 26 191
c 26 199 198
c 185 189
c 185 188
c 450 221
c 450 220
c 456 540 247
c 253 37
c 254 248
c 36 244
c 258 243
c 40 312 308
c 253 260
c 253 259
c 309 298
c 309 306 44
c 253 245
c 246 249
c 36 250
b 5 91 235 106 32 223 228 234 34 386 209 30 218 152 109 130 124 17 156 155 94 116 108 100 16 123 115
c 235 231 35 230
c 234 229
c 234 224 211 215
c 223 31
c 32 219
c 218 217 28 204
c 209 212 210
c 209 222
c 386 448 449
c 234 225 239
c 228 227 33
c 91 118
c 91 98 99
c 115 119
c 108 89
c 106 110
c 116 93 90 104 107
c 124 126 142 154
c 235 232
c 156 153
b 6 278 178 168 159 169 177 171 21 167 22 25 179 172 162 284 283 277 265 289 286 271 287 272 274 290 276 275
c 178 163
c 168 180
c 168 157
c 172 158 176
c 172 160
c 169 23
c 22 174
c 274 24
c 275 263 264
c 286 292
c 287 279
c 283 268
c 284 281
c 169 173 166
c 169 164
c 274 280
b 7 295 262 273 252 267 39 27 190 203 187 192 43 293 285 288 42 320 318 317 323 321 325 316 332 48 47 330
c 273 315
c 273 294
c 316 326 319
c 317 324
c 318 327
c 293 266 41
c 43 282
c 267 261
c 190 184 182
c 252 256 257 255 251
c 39 38
c 267 297
c 203 183
c 330 313 329
c 325 314
c 325 322
c 323 45
c 42 269 270
c 332 331
c 267 296 291
b 8 354 52 305 301 299 300 303 307 534 338 56 380 375 379 364 357 352 355 353 359 362 348 49 328 363 53 361 351
c 52 350 347
c 352 356
c 8 358 51
c 49 345
c 361 360
c 361 344 349
c 49 50
c 363 346
c 303 302
c 307 304
c 338 334
c 362 46
b 9 71 72 443 446 439 445 440 436 441 432 447 418 408 410 412 66 378 373 384 377 376 58 70 422
c 422 431 425
c 412 437
c 412 426
c 70 57 382
c 376 383
c 373 60 59
c 70 55
c 66 401 381 407
c 66 400 397
c 418 405
c 441 442
c 436 424
c 432 434
c 436 435
c 443 429 428 427
c 432 438
c 436 423
c 440 444
c 447 419
c 72 68
c 70 430
c 378 61
b 10 465 74 468 236 238 241 242 392 365 460 399 404 433 467 462 85 84 474 481 480 477 476 86 75
c 465 466 470
c 74 15 92
c 236 97 105 117 122
c 241 240
c 392 233
c 238 237
c 238 226
c 392 469
c 365 463
c 460 413
c 10 461 76
c 86 479 473 471
c 462 483
c 462 482
c 85 414
c 460 464
c 480 69
c 480 421
c 404 420
c 392 459
