b 0 341 542 387 389 62 388 385 393 367 366 416 417 415 411 403 67 54 537 342 339 536 372 369
c 0 337 535
c 342 340
c 342 343
c 537 335
c 537 336
c 537 65
c 403 398
c 411 406
c 416 409
c 342 371
c 366 370
c 367 368
c 367 391
c 367 457 394 541 455 73
c 367 63
c 542 454
c 393 539 395
c 385 396
c 387 390
c 62 452 451
c 415 64
c 403 402
c 54 374
c 367 538
b 1 484 79 78 14 11 114 95 120 121 111
c 14 13 12
c 121 102 103 87
c 1 77
c 484 478 83 81 88 82
c 79 80 475
c 79 472
c 121 112
c 114 96
c 114 113
c 114 101
b 2 148 139 140 135 127 131 134 29 208 205 206 129 145 146 18 149
c 140 20 147
c 140 141
c 127 137
c 131 19
c 145 150
c 129 144
c 205 527 494
c 29 207
c 131 133 132
c 127 138
c 135 136
c 146 143
c 145 151 181 175 500
b 3 491 504 509 493 506 520 496 490 510 485 511 507 165 161 514 501 487 194 516 515 196 186 531 495 521 533 532 524 508
c 493 530
c 508 525
c 533 522 528
c 520 526
c 521 523
c 521 213 214 216 492
c 524 529
c 508 518 517
c 516 519
c 194 193
c 515 195
c 491 488 512
c 3 503
c 510 489 486
c 510 513
c 3 497
c 485 502 499
c 511 505
c 511 498 170
c 496 128 125
b 4 246 36 40 254 253 311 310 309 333 456 458 453 450 185 197 26 200
c 309 298
c 40 312 308
c 40 258 243
c 36 244
c 4 201 202
c 26 191
c 26 199 198
c 185 189
c 185 188
c 450 221
c 450 220
c 456 540 247
c 253 37
c 254 248
c 36 250 245
c 246 249
c 253 260
c 253 259
c 309 306 44
b 5 231 35 229 234 34 209 212 30 211 218 106 32 223 142 109 130 124 107 94 116 108 100 16 123 119 118 235
c 35 230
c 234 228 227 33
c 32 219
c 218 217 28 204
c 211 215
c 234 224
c 223 31
c 234 225 239
c 34 386 448 449
c 209 222
c 212 210
c 142 152
c 142 154
c 124 126
c 124 17 156 155 153
c 116 90 104
c 116 93
c 106 110
c 119 115 99
c 108 89
c 106 91 98 232
b 6 178 168 159 169 177 171 21 167 22 25 172 162 284 283 277 265 289 286 292 264 276 275 263 279 271 287 272 274 290
c 22 174 23
c 178 163
c 168 180
c 168 157
c 172 158 176
c 172 160
c 178 179
c 276 278
c 274 24
c 284 281
c 283 268
c 274 280
c 169 173 166
c 169 164
b 7 295 262 273 252 267 39 27 190 203 187 192 43 293 285 42 320 318 317 324 326 316 332 48 47 330
c 39 38
c 273 294 315 297
c 267 261
c 190 184 182
c 252 257 255 256 251
c 330 313 329
c 326 319
c 316 323 321
c 316 325 322
c 316 314
c 316 45
c 318 327
c 293 266 41
c 43 282
c 203 183
c 285 288
c 42 269 270
c 332 331
c 267 296 291
b 8 354 52 305 301 299 300 303 307 534 338 56 380 375 379 364 357 352 355 353 359 362 46 328 49 50 345 360 351
c 52 350 347
c 352 356
c 8 358 51
c 360 344 349
c 328 363 346
c 49 53
c 360 361
c 49 348
c 303 302
c 307 304
c 338 334
b 9 430 70 57 378 373 60 59 426 412 66 401 381 407 397 405 408 418 447 441 436 440 445 446 439 428 427 443 431
c 57 382 58 377 376 383
c 373 384
c 378 61
c 66 400
c 408 410
c 431 425
c 412 437
c 431 422
c 9 71 72 68
c 441 442
c 441 432 434 424
c 436 435
c 427 429
c 431 438
c 436 423
c 440 444
c 447 419
c 70 55
b 10 465 74 468 236 238 242 392 365 460 399 404 433 467 462 85 84 474 481 480 477 476 86 75
c 86 479 473 471
c 462 483
c 462 482
c 467 76
c 10 461
c 85 414
c 460 413
c 365 463
c 465 466 470
c 74 15 92
c 236 97 105 117 122
c 242 240
c 242 241
c 238 237
c 238 226
c 392 469
c 392 233
c 392 459
c 460 464
c 480 69
c 480 421
c 404 420
