b 0 535 536 339 340 342 335 537 54 67 403 398 411 415 417 416 366 368 367 63 454 387 389 62 388 385 393
c 0 341
c 454 542
c 393 539 395
c 385 396
c 387 390
c 62 451 452
c 367 391
c 63 457 394 541 455 73
c 535 337
c 536 372 369
c 342 343
c 537 336
c 537 65
c 54 374
c 403 402
c 411 406
c 416 409
c 342 371
c 366 370
c 415 64
c 367 538
b 1 484 79 78 14 11 114 95 120 121 111
c 14 13 12
c 121 102 103 87
c 1 77
c 484 478 83 81 88 82
c 79 80 475
c 79 472
c 121 112
c 114 96
c 114 113
c 114 101
b 2 149 146 145 129 206 205 208 29 134 131 133 132 127 137 141
c 2 148 139 140 20 147
c 127 135
c 127 138
c 131 19
c 145 150
c 129 144
c 205 527 494
c 29 207
c 146 18
c 146 143
c 145 151 181 175 500
c 127 136
b 3 512 488 491 504 509 530 525 508 518 517 516 515 196 186 531 495 521 533 520 496 490 510 485 511 507 165 161 514 501
c 488 487 194 193
c 516 519
c 508 524 529
c 530 493 506
c 530 522 528
c 533 532
c 521 523
c 520 526
c 521 213 214 216 492
c 3 503
c 510 489 486
c 510 513
c 3 497
c 485 502 499
c 511 505
c 511 498 170
c 496 128 125
c 515 195
b 4 246 36 40 258 254 253 260 311 310 309 333 456 458 453 450 185 197 26 191 202
c 258 243
c 36 244
c 4 201
c 26 200
c 26 199 198
c 185 189
c 185 188
c 450 221
c 450 220
c 456 540 247
c 253 37
c 254 248
c 36 250 245
c 246 249
c 253 259
c 40 312 308
c 309 298
c 309 306 44
b 5 231 35 230 224 211 209 222 34 228 32 218 152 109 130 124 17 156 155 90 104 107 116 108 100 16 123 115 119 91
c 91 118
c 91 235
c 91 98 99
c 108 89
c 218 106 110
c 116 93
c 104 94
c 124 126 142 154
c 218 217 28 204
c 209 212
c 209 30
c 211 215
c 34 234 225 239
c 35 229
c 228 33 227
c 32 223 31
c 32 219
c 209 210
c 34 448 449
c 34 386
c 35 232
c 156 153
b 6 278 178 168 159 164 171 21 167 22 24 276 275 263 292 274 287 279 286 265 281 284 162 172
c 178 179
c 178 163
c 168 180
c 159 169 23
c 22 25
c 172 160
c 172 158 176
c 168 157
c 22 174
c 164 177
c 159 173 166
c 287 272
c 274 290
c 292 264
c 265 289
c 287 271
c 274 280
c 284 283 277 268
b 7 295 262 273 315 261 267 38 252 255 184 27 190 203 187 192 43 293 285 288 42 320 318 317 323 321 325 316 332 330
c 255 251
c 255 256
c 255 257
c 273 294
c 316 326 319
c 330 47
c 330 329
c 330 313
c 332 48
c 325 322
c 325 314
c 323 45
c 317 324
c 318 327
c 293 266 41
c 43 282
c 203 183
c 184 182
c 38 39
c 315 297
c 42 269 270
c 332 331
c 267 296 291
b 8 354 52 301 299 300 303 302 534 338 56 380 375 379 364 357 352 355 353 359 362 348 50 49 328 363 53 361 360
c 52 350 347
c 352 356
c 8 358 51
c 361 351
c 361 344 349
c 50 345
c 363 346
c 302 305
c 302 307 304
c 338 334
c 362 46
b 9 71 72 443 429 428 445 440 444 424 436 441 432 447 418 408 412 66 378 373 426 70 422 431
c 70 430
c 70 382 58 377 376 383
c 373 60 59
c 70 57
c 70 55
c 66 401 381 407
c 66 400 397
c 418 405
c 408 410
c 431 425
c 412 437
c 432 438
c 441 442
c 436 435
c 436 423
c 445 446 439
c 429 427
c 72 68
c 432 434
c 447 419
c 378 61
c 373 384
b 10 465 74 15 92 97 105 238 237 241 242 392 365 404 433 467 462 85 84 474 481 477 476 471 479 86
c 10 461 76 75
c 462 483
c 462 482
c 85 414 399 460 413
c 365 463
c 465 466 470
c 105 236
c 105 117 122
c 241 240
c 392 233
c 392 469
c 74 468
c 238 226
c 392 459
c 479 473
c 477 480 69 421
c 404 420
c 85 464
