b 0 337 536 372 371 342 335 537 54 67 403 398 411 415 417 416 366 368 367 63 454 387 389 62 388 385 393
c 393 539 395
c 367 391
c 63 457 394 541 455 73
c 0 341
c 454 542
c 62 451 452
c 385 396
c 387 390
c 342 340
c 342 339
c 337 535
c 372 369
c 342 343
c 537 336
c 537 65
c 54 374
c 403 402
c 411 406
c 416 409
c 366 370
c 415 64
c 367 538
b 1 484 79 78 14 11 114 95 121 111
c 1 77
c 484 87
c 121 102 103
c 121 12 13
c 95 120
c 114 96
c 114 113
c 114 101
c 121 112
c 484 478 83 81 88 82
c 79 80 475
c 79 472
b 2 148 139 140 135 127 131 134 29 208 205 206 129 145 146 18 149
c 140 20 147
c 140 141
c 127 137
c 131 19
c 145 150
c 129 144
c 205 527 494
c 29 207
c 131 133 132
c 127 138
c 135 136
c 146 143
c 145 151 181 175 500
b 3 512 488 491 504 506 493 530 525 508 518 517 516 515 196 186 531 495 521 533 520 496 490 510 485 511 507 165 161 501
c 161 514
c 488 487 194 193
c 516 519
c 508 529 524
c 530 522 528
c 533 532
c 504 509
c 3 503
c 510 489 486
c 510 513
c 3 497
c 485 502 499
c 511 505
c 511 498 170
c 496 128 125
c 520 526
c 521 523
c 521 213 214 216 492
c 515 195
b 4 246 36 40 254 253 311 310 309 333 456 458 453 450 185 197 26 200
c 36 250
c 36 244
c 4 201 202
c 26 191
c 26 199 198
c 185 189
c 185 188
c 450 221
c 450 220
c 456 540 247
c 253 37
c 254 248
c 40 258 243
c 40 312 308
c 253 260
c 253 259
c 309 298
c 309 306 44
c 253 245
c 246 249
b 5 91 106 32 223 31 234 34 386 212 30 218 152 126 124 17 156 155 94 116 108 100 16 123 115
c 91 235 231 35 230
c 234 229
c 234 228 227 33
c 234 224 211 215
c 34 209 222
c 386 448 449
c 234 225 239
c 32 219
c 218 217 28 204
c 212 210
c 152 154
c 126 142
c 124 109 130
c 106 110
c 115 119
c 115 99
c 108 89
c 91 118
c 91 98 232
c 116 93 90 104 107
c 156 153
b 6 278 276 292 274 287 279 286 268 284 162 172 168 159 169 177 171 21 167 22 25 179
c 179 178 163
c 168 180
c 168 157
c 172 158 176
c 172 160
c 169 23
c 22 174
c 274 24
c 276 275 263
c 292 264
c 274 290
c 284 281
c 284 283 277
c 268 265 289
c 287 271
c 287 272
c 274 280
c 169 173 166
c 169 164
b 7 297 43 192 27 190 184 267 38 257 313 319 326 316 332 323 45 320 318 317 324
c 38 262 273 294 315
c 38 295
c 38 252
c 257 251
c 257 256
c 257 255
c 184 182
c 190 203 183
c 192 187
c 43 282
c 267 261
c 38 39
c 319 330
c 313 47
c 313 329
c 332 48
c 316 325 322
c 323 321 314
c 318 327 266 41
c 318 293 285 288 42 269
c 320 270
c 332 331
c 267 296 291
b 8 354 52 305 301 299 300 303 307 534 338 56 380 375 379 364 357 352 355 353 359 362 46 328 49 50 345 360 351
c 52 350 347
c 352 356
c 8 358 51
c 360 344 349
c 328 363 346
c 49 53
c 360 361
c 49 348
c 303 302
c 307 304
c 338 334
b 9 71 72 443 429 428 445 440 444 424 436 441 432 447 418 405 397 66 378 373 384 377 376 58 70 55 412 437 431
c 436 435
c 441 442
c 436 423
c 445 446 439
c 429 427
c 432 438
c 432 434
c 447 419
c 418 408 410
c 437 425
c 66 400
c 397 407 381
c 66 401
c 55 426
c 431 422
c 70 57 382
c 376 383
c 373 60 59
c 378 61
c 70 430
c 72 68
b 10 465 74 468 236 105 240 392 365 461 76 86 479 473 476 481 477 69 414 399 404 433 467 462
c 465 466 470
c 74 15 92
c 105 97
c 105 117 122
c 76 75
c 462 483
c 462 482
c 462 84 474
c 477 480 421
c 404 420
c 461 464
c 461 460 413
c 365 463
c 392 469
c 392 233
c 392 241 242 237 238 226
c 392 459
c 462 85
c 473 471
