b 0 337 372 369 394 457 541 455 73 63 454 387 389 62 388 385 393 367 417 415 411 403 67 54 537 342 339
c 337 535
c 0 341
c 454 542
c 393 539 395
c 367 391
c 367 368
c 417 366 370 371
c 342 343
c 537 335
c 342 340
c 337 536
c 537 336
c 537 65
c 403 398
c 411 406
c 417 416 409
c 54 374
c 403 402
c 415 64
c 385 396
c 387 390
c 62 451 452
c 367 538
b 1 78 13 12 121 120 95 103 87
c 87 484
c 1 77
c 78 14 475 80 79 472
c 78 478 83 81 88 82
c 121 102
c 121 111
c 95 11 114 101
c 95 113
c 95 96
c 121 112
b 2 148 139 140 135 127 131 134 29 208 205 206 129 145 146 18 149
c 129 144
c 205 527 494
c 29 207
c 131 133 132
c 127 137
c 140 141
c 140 20 147
c 131 19
c 145 150
c 146 143
c 145 151 181 175 500
c 127 138
c 135 136
b 3 512 488 487 518 517 516 515 196 186 531 495 521 533 522 493 506 520 496 490 510 489 485 511 507 165 161 514
c 3 503
c 488 491 504 509
c 493 530 525 508 524 529
c 522 528
c 533 532
c 521 523
c 520 526
c 521 213 214 216 492
c 516 519
c 487 194 193
c 515 195
c 3 497
c 489 486
c 510 513
c 161 501
c 485 502 499
c 511 505
c 511 498 170
c 496 128 125
b 4 246 36 40 258 254 260 253 311 310 309 333 456 458 453 450 185 197 26 200
c 4 201 202
c 26 191
c 26 199 198
c 185 189
c 185 188
c 450 221
c 450 220
c 456 540 247
c 260 37
c 254 248
c 36 244
c 258 243
c 40 312 308
c 309 298
c 309 306 44
c 260 245
c 246 249
c 36 250
c 260 259
b 5 91 98 99 115 106 32 223 211 209 222 34 234 225 239 229 230 219 218 152 109 130 124 17 156 155 94 116
c 218 217 28 204
c 209 212
c 209 30
c 211 215
c 234 224
c 223 31
c 234 228 227 33
c 5 35
c 5 231
c 91 235
c 91 118
c 106 110 108 100 16 123
c 115 119
c 99 89
c 98 232
c 116 93 90 104 107
c 124 126 142 154
c 209 210
c 34 448 449
c 34 386
c 156 153
b 6 278 178 168 159 169 177 171 21 167 22 25 179 172 162 284 283 277 265 289 286 271 287 272 274 290 276 275
c 178 163
c 168 180
c 168 157
c 172 158 176
c 172 160
c 169 23
c 22 174
c 274 24
c 275 263 264
c 286 292
c 287 279
c 283 268
c 284 281
c 169 173 166
c 169 164
c 274 280
b 7 294 315 297 43 192 27 190 184 182 267 38 39 252 313 329 332 316 323 45 320 318 317 324
c 38 295 262 273
c 316 326 319 330
c 329 47
c 332 48
c 316 325 322
c 323 321 314
c 318 327 266 41
c 318 293 285 288 42 269
c 267 261
c 252 257 255 256 251
c 190 203 183
c 192 187
c 43 282
c 320 270
c 332 331
c 267 296 291
b 8 354 52 305 301 299 300 303 307 534 338 56 380 375 379 364 357 352 355 353 359 362 46 328 363 53 345 361 360 351
c 361 344 349
c 328 49 50 348
c 361 51
c 8 358
c 352 356
c 52 350 347
c 303 302
c 363 346
c 307 304
c 338 334
b 9 71 72 443 429 428 445 440 444 424 436 441 432 434 419 447 418 408 412 66 400 437 422 70 57 378 373 426
c 72 68
c 441 442
c 436 435
c 436 423
c 445 446 439
c 429 427
c 432 438
c 422 431
c 437 425
c 408 410
c 418 405
c 400 397 407 381
c 66 401
c 378 61
c 373 60 59
c 57 382 58 377 376 383
c 70 430
c 70 55
c 373 384
b 10 465 466 470 15 92 97 105 237 241 392 365 461 76 86 479 473 476 481 477 69 414 399 404 433 467 462
c 76 75
c 462 483
c 462 482
c 462 84 474
c 477 480 421
c 404 420
c 461 464
c 461 460 413
c 365 463
c 465 74 468
c 105 236
c 105 117 122
c 241 240
c 241 242
c 237 238
c 237 226
c 392 469
c 392 233
c 392 459
c 462 85
c 473 471
