b 0 337 536 342 335 537 54 67 403 398 411 415 417 416 366 457 394 541 455 73 63 454 387 389 385 393 367
c 389 62 388
c 385 396
c 393 539 395
c 367 391
c 367 368
c 536 372 369
c 0 341
c 454 542
c 389 451 452
c 387 390
c 342 340
c 342 339
c 337 535
c 342 343
c 537 336
c 537 65
c 54 374
c 403 402
c 411 406
c 416 409
c 342 371
c 366 370
c 415 64
c 367 538
b 1 484 478 83 82 88 80 475 14 11 114 95 120 121 111
c 114 96
c 114 113
c 114 101
c 121 12 13
c 121 102 103 87
c 1 77
c 1 78
c 80 79 472
c 83 81
c 121 112
b 2 148 139 140 135 127 131 134 29 208 205 206 129 145 146 18 149
c 127 137
c 140 141
c 140 20 147
c 131 19
c 145 150
c 129 144
c 205 527 494
c 29 207
c 131 133 132
c 127 138
c 135 136
c 146 143
c 145 151 181 175 500
b 3 512 488 487 194 516 196 186 531 495 521 522 493 506 520 496 490 510 489 502 511 507 165 161 514
c 3 503
c 488 491 504 509
c 493 530 525 508 524 529
c 487 518 517
c 516 519
c 196 515 195
c 194 193
c 161 501
c 3 497
c 489 486
c 510 513
c 502 485
c 502 499
c 511 505
c 511 498 170
c 496 128 125
c 520 526
c 521 533 532
c 522 528
c 521 523
c 521 213 214 216 492
b 4 246 36 40 254 260 311 310 309 333 456 458 453 450 185 197 26 200
c 40 258 243
c 36 244
c 4 201 202
c 26 191
c 26 199 198
c 185 189
c 185 188
c 450 221
c 450 220
c 456 540 247
c 260 37
c 254 248
c 36 250 245
c 246 249
c 260 253
c 260 259
c 40 312 308
c 309 298
c 309 306 44
b 5 231 35 239 234 224 211 209 212 217 218 106 32 219 152 109 130 124 17 156 155 94 116 108 100 16 123 115 118 235
c 212 210
c 209 30
c 211 215
c 234 34 386 448 449
c 209 222
c 239 225
c 35 229
c 35 230
c 234 228 33 227
c 32 223 31
c 106 91 98 99
c 115 119
c 108 89
c 106 110
c 116 93 90 104 107
c 124 126 142 154
c 217 28 204
c 235 232
c 156 153
b 6 278 276 275 281 284 283 277 265 289 286 292 279 271 287 272 22 167 171 177 169 159 168 157 172 179
c 179 178 163
c 168 180
c 22 25
c 172 160
c 172 158 176
c 172 162
c 169 23
c 22 174
c 22 24
c 272 274 290
c 292 264
c 275 263
c 283 268
c 171 280
c 171 21
c 169 173 166
c 169 164
b 7 295 262 273 252 267 39 38 184 182 27 190 203 187 192 43 293 285 42 320 318 317 324 326 316 332 48 47 330
c 273 294 315 297
c 267 261
c 252 257 255 256 251
c 330 313 329
c 326 319
c 316 323 321
c 316 325 322
c 316 314
c 316 45
c 318 327
c 293 266 41
c 43 282
c 203 183
c 285 288
c 42 269 270
c 332 331
c 267 296 291
b 8 354 52 305 301 299 300 303 302 534 338 56 380 375 379 364 357 352 355 353 359 362 46 328 49 50 345 361 360 351
c 8 358 51
c 361 344 349
c 328 363 346
c 49 53
c 49 348
c 52 350 347
c 352 356
c 338 334
c 302 307 304
b 9 71 72 442 441 436 423 427 429 428 445 440 444 424 432 447 418 408 425 412 66 378 373 426 70 57 430
c 373 60 59
c 57 382 58 377 376 383
c 373 384
c 378 61
c 66 401 381 407
c 66 400 397
c 418 405
c 408 410
c 412 437
c 70 422 431
c 432 438
c 432 434
c 436 435
c 427 443
c 445 446 439
c 72 68
c 447 419
c 70 55
b 10 465 466 470 15 92 97 105 237 242 241 392 365 461 76 86 479 473 476 481 477 421 420 404 467 462 85 464
c 465 74 468
c 105 236
c 105 117 122
c 76 75
c 462 483
c 462 482
c 85 84 474
c 477 480 69
c 85 414 399
c 461 460 413
c 365 463
c 392 469
c 392 233
c 242 240
c 237 238
c 237 226
c 392 459
c 473 471
c 404 433
