b 0 337 535 536 342 335 537 54 67 403 398 411 415 417 416 366 457 394 541 455 73 63 454 387 389 62 388 385 393 367
c 0 341
c 454 542
c 393 539 395
c 367 391
c 367 368
c 536 372 369
c 342 343
c 342 339
c 342 340
c 537 336
c 537 65
c 54 374
c 403 402
c 411 406
c 416 409
c 342 371
c 366 370
c 415 64
c 385 396
c 387 390
c 62 452 451
c 367 538
b 1 77 14 11 114 95 120 121 102 103 87 79
c 87 484
c 79 78
c 14 13 12
c 121 111
c 79 478 83 81 88 82
c 79 80 475
c 79 472
c 121 112
c 114 96
c 114 113
c 114 101
b 2 148 139 140 20 147 135 127 131 134 29 208 205 206 129 145 146 18 149
c 129 144
c 205 527 494
c 29 207
c 131 133 132
c 127 137
c 140 141
c 131 19
c 145 150
c 146 143
c 145 151 181 175 500
c 127 138
c 135 136
b 3 512 488 491 504 506 520 496 490 489 485 511 498 165 161 501 487 194 516 196 186 531 495 521 533 522 528 532 529 508
c 3 503
c 504 509
c 522 493 530
c 508 525
c 529 524
c 508 518 517
c 516 519
c 196 515 195
c 194 193
c 161 514
c 511 507
c 498 505
c 498 170
c 485 502 499
c 3 497
c 490 510 513
c 489 486
c 496 128 125
c 520 526
c 521 523
c 521 213 214 216 492
b 4 246 36 40 254 253 311 310 309 333 456 458 453 450 185 197 26 200
c 36 250
c 36 244
c 4 201 202
c 26 191
c 26 199 198
c 185 189
c 185 188
c 450 221
c 450 220
c 456 540 247
c 253 37
c 254 248
c 40 258 243
c 40 312 308
c 253 260
c 253 259
c 309 298
c 309 306 44
c 253 245
c 246 249
b 5 231 35 230 234 224 211 215 34 386 209 30 218 106 110 108 100 16 123 119 235 98 93 104 155 153 17 124 109 32
c 35 229
c 234 228 33 227
c 32 223 31
c 32 219
c 218 217 28 204
c 209 212 210
c 209 222
c 386 448 449
c 234 225 239
c 106 91 118
c 119 115
c 98 99
c 108 89
c 98 232
c 109 130
c 124 126 142 154
c 218 152
c 104 107
c 104 94
c 104 90 116
c 153 156
b 6 278 178 168 159 169 177 171 21 167 22 25 179 172 162 284 283 277 265 289 286 271 287 272 274 24
c 178 163
c 168 180
c 168 157
c 172 158 176
c 172 160
c 169 23
c 22 174
c 169 173 166
c 169 164
c 274 280
c 287 279
c 286 292 264 276 275 263
c 284 281
c 283 268
c 274 290
b 7 294 315 266 293 285 42 320 318 317 323 321 325 316 332 330 313 252 267 38 27 190 203 187 192
c 38 295 262 273
c 316 326 319
c 313 47
c 313 329
c 332 48
c 325 322
c 325 314
c 323 45
c 317 324
c 318 327
c 266 41
c 192 43 282
c 267 261
c 190 184 182
c 252 256 257 255 251
c 38 39
c 315 297
c 285 288
c 42 269 270
c 332 331
c 203 183
c 267 296 291
b 8 354 52 350 347 356 352 355 353 359 362 348 50 328 363 53 360 344 299 300 303 302 534 338 56 380 375 379 364 357
c 302 305
c 302 301
c 344 349
c 360 351
c 8 358 51
c 50 345
c 360 361
c 50 49
c 363 346
c 300 304
c 302 307
c 338 334
c 362 46
b 9 71 72 442 441 436 423 446 428 427 432 434 424 419 447 418 408 412 66 378 373 60 59 57 430 422 431
c 427 443
c 427 429
c 446 439 445 440 444
c 436 435
c 432 438
c 418 405
c 408 410
c 431 425
c 412 437
c 422 70 55 426
c 66 401 381 407
c 66 400 397
c 378 61
c 57 382 58 377 376 383
c 373 384
c 72 68
b 10 465 74 15 75 86 479 473 476 481 477 421 433 467 462 85 464 460 413 365 466 470 236 105 238 242 241 392 469
c 74 468
c 105 97
c 105 117
c 15 92
c 242 240
c 392 233
c 238 237
c 238 226
c 392 459
c 365 463
c 10 461 76
c 462 483
c 462 482
c 85 84 474
c 477 480 69
c 85 414
c 460 399 404 420
c 473 471
c 105 122
