b 0 340 342 335 537 54 67 403 398 411 415 417 416 409 371 369 394 457 541 455 73 63 454 387 389 62 388 385 393 367
c 0 341
c 454 542
c 393 539 395
c 367 391
c 367 368
c 416 366 370
c 537 336
c 537 65
c 54 374
c 342 339
c 0 337 535 536 372
c 342 343
c 411 406
c 415 64
c 403 402
c 385 396
c 387 390
c 62 452 451
c 367 538
b 1 484 79 478 83 82 88 475 14 11 114 95 120 121 111
c 1 77
c 79 78
c 14 13 12
c 121 102 103 87
c 79 472
c 475 80
c 83 81
c 121 112
c 114 96
c 114 113
c 114 101
b 2 148 139 140 135 127 131 134 29 208 205 206 129 145 146 18 149
c 140 20 147
c 140 141
c 127 137
c 131 19
c 145 150
c 129 144
c 205 527 494
c 29 207
c 131 133 132
c 127 138
c 135 136
c 146 143
c 145 151 181 175 500
b 3 512 491 504 509 530 525 508 518 517 516 515 196 186 531 495 521 533 506 520 496 490 489 485 511 507 165 161 514 501
c 3 503
c 491 488 487 194 193
c 516 519
c 508 524 529
c 530 493
c 530 522 528
c 533 532
c 521 523
c 520 526
c 521 213 214 216 492
c 3 497
c 490 510 513
c 489 486
c 496 128 125
c 485 502 499
c 511 505
c 511 498 170
c 515 195
b 4 246 36 40 254 253 260 311 310 309 333 456 458 453 450 185 197 26 200
c 36 244
c 4 201 202
c 26 191
c 26 199 198
c 185 189
c 185 188
c 450 221
c 450 220
c 456 540 247
c 253 37
c 254 248
c 36 250 245
c 246 249
c 40 258 243
c 40 312 308
c 309 298
c 309 306 44
c 253 259
b 5 91 106 32 223 211 209 212 222 34 234 224 218 142 109 130 124 17 156 155 94 116 108 100 16 123 115
c 91 235 231 35 230
c 234 229
c 234 228 33 227
c 32 219
c 218 217 28 204
c 211 215
c 209 30
c 223 31
c 234 225 239
c 34 386 448 449
c 212 210
c 142 152
c 142 154
c 124 126
c 106 110
c 115 119
c 115 99
c 108 89
c 91 118
c 91 98 232
c 116 93 90 104 107
c 156 153
b 6 278 178 179 172 160 157 159 164 171 21 167 22 274 287 279 286 265 263 281
c 178 163
c 178 168 180
c 159 169 23
c 22 25
c 172 158 176
c 172 162
c 281 284 283 277 268
c 265 289
c 286 292 264 276 275
c 274 24
c 274 290
c 287 272
c 287 271
c 22 174
c 164 177
c 159 173 166
c 274 280
b 7 295 262 252 267 38 184 182 313 329 332 316 323 45 42 318 327
c 262 294 315 297
c 267 261
c 252 255 256 257 251
c 262 273
c 316 326 319 330
c 329 47
c 332 48
c 316 325 322
c 323 321 314
c 318 317 324
c 327 266 41
c 318 293 285 288
c 42 269
c 42 320
c 38 39
c 184 27 190 203 183 187
c 184 192 282 43
c 42 270
c 332 331
c 267 296 291
b 8 354 52 305 301 299 300 303 307 534 338 56 380 375 379 364 357 352 355 353 359 362 348 50 49 328 363 53 361 351
c 52 350 347
c 352 356
c 8 358 51
c 50 345
c 361 360
c 361 344 349
c 363 346
c 303 302
c 307 304
c 338 334
c 362 46
b 9 71 72 443 429 428 445 440 436 441 432 447 418 408 412 426 70 57 382 60 373 378 61 401 381 407 400 437 431
c 72 68
c 441 442
c 436 424
c 432 434
c 436 435
c 436 423
c 445 446 439
c 429 427
c 432 438
c 431 422
c 437 425
c 408 410
c 418 405
c 400 397
c 412 66
c 70 55
c 70 430
c 382 58 377 376 383
c 60 59
c 373 384
c 447 419
c 440 444
b 10 465 74 468 236 470 466 233 392 365 413 399 464 76 75 86 479 473 476 481 477 421 433 467 462 461
c 74 15 92
c 236 97 105 117 122
c 233 240
c 392 242 241 237 238 226
c 392 469
c 365 463
c 461 460
c 433 414
c 399 404 420
c 462 85 84 474
c 477 480 69
c 462 483
c 462 482
c 473 471
c 392 459
