b 0 341 387 389 62 388 385 539 367 457 541 455 73 63 368 366 416 417 415 411 403 67 54 537 342 339 536 372 369
c 0 337 535
c 342 340
c 342 343
c 537 335
c 537 336
c 537 65
c 403 398
c 411 406
c 416 409
c 342 371
c 366 370
c 367 391
c 457 394
c 385 454 542
c 62 451 452
c 385 396
c 385 393
c 539 395
c 387 390
c 415 64
c 403 402
c 54 374
c 367 538
b 1 484 478 83 82 88 80 475 14 11 114 95 120 121 102 103
c 80 79 78
c 1 77
c 103 87
c 121 111
c 121 12 13
c 121 112
c 114 96
c 114 113
c 114 101
c 478 472
c 83 81
b 2 148 139 140 20 147 135 127 131 134 29 208 205 206 129 145 146 18 149
c 2 175 500 181
c 145 151
c 146 143
c 145 150
c 129 144
c 205 527 494
c 29 207
c 131 133 132
c 127 137
c 140 141
c 131 19
c 127 138
c 135 136
b 3 512 488 491 509 493 530 525 522 528 521 523 526 520 496 490 510 485 511 507 165 161 514 501 487 194 193 516 519 518
c 518 517
c 516 195
c 516 515 196 186 531
c 521 495
c 521 533 532 524 529
c 525 508
c 493 506
c 509 504
c 3 503
c 510 489 486
c 510 513
c 3 497
c 485 502 499
c 511 505
c 511 498 170
c 496 128 125
c 521 213 214 216 492
b 4 201 202 26 199 198 189 185 221 450 220 453 458 247 311 310 309 312 254 253 37 244 36 246
c 246 249
c 36 250 245
c 254 40 258 243
c 312 308
c 254 248
c 253 260
c 253 259
c 309 298
c 309 306 44
c 309 333 456 540
c 185 197
c 185 188
c 26 200
c 26 191
b 5 231 35 230 234 224 211 215 34 209 30 31 219 218 217 28 204 448 449 229 91 106 126 124 107 108 100 123 115
c 106 32 223
c 234 228 227 33
c 234 225 239
c 34 386
c 209 212 210
c 209 222
c 126 152 154
c 126 142
c 124 109 130
c 106 110
c 115 119
c 115 99
c 108 89
c 91 118
c 91 235
c 91 98 232
c 108 93 90 104 94 116
c 100 16
c 124 17 156 155 153
b 6 278 178 168 159 169 167 25 172 162 284 283 265 289 286 271 287 272 274 290 276 275
c 287 279
c 286 292 264
c 275 263
c 284 281
c 283 277
c 283 268
c 172 158 176
c 172 160
c 168 157
c 178 163
c 168 180
c 169 23
c 178 179
c 167 22 174
c 167 171 177
c 167 21
c 274 24
c 169 173 166
c 169 164
c 274 280
b 7 295 262 273 315 297 261 267 38 39 252 255 313 319 326 316 332 323 45 320 318 327 266 293 317 324
c 323 321
c 316 325 322
c 316 314
c 332 48
c 313 47
c 319 330
c 273 294
c 255 251
c 255 256
c 255 257
c 252 184 182 27 190 203
c 252 183 187 192 282 43
c 266 41
c 293 285 288 42 269 270
c 332 331
c 313 329
c 267 296 291
b 8 354 52 350 347 356 352 355 353 359 362 46 328 49 50 345 360 361 344 299 300 303 302 534 338
c 338 334
c 302 305
c 302 301
c 344 349
c 360 351
c 8 358 357 364
c 360 51
c 49 348
c 328 363 346
c 49 53
c 300 304
c 302 307
c 338 56 380 375 379
b 9 71 72 443 429 428 445 440 444 424 436 441 432 447 418 408 405 397 66 378 373 412 426 70 422
c 373 60 59
c 70 382 58 377 376 383
c 70 430
c 422 431 425
c 408 410
c 412 437
c 66 400
c 397 407 381
c 66 401
c 378 61
c 70 57
c 70 55
c 373 384
c 432 438
c 441 442
c 436 435
c 436 423
c 445 446 439
c 429 427
c 72 68
c 432 434
c 447 419
b 10 465 74 15 75 86 479 473 476 481 480 421 433 467 462 461 460 413 365 466 470 236 105 237 241 242 392 469
c 462 483
c 462 482
c 461 76
c 433 414
c 460 399
c 461 464
c 462 85 84 474
c 480 69
c 481 477
c 473 471
c 15 92
c 105 97
c 105 117 122
c 241 240
c 392 233
c 237 238
c 237 226
c 392 459
c 365 463
c 74 468
c 460 404 420
