b 0 341 454 539 367 394 541 455 73 63 387 389 388 385 542 340 342 371 336 537 54 67 403 398 411 415 417 416 366 368
c 0 535 337 536
c 342 339 372 369
c 394 457
c 367 391
c 366 370
c 342 343
c 537 335
c 537 65
c 54 374
c 403 402
c 411 406
c 416 409
c 415 64
c 385 396
c 385 393
c 539 395
c 389 62 451 452
c 387 390
c 367 538
b 1 484 478 83 82 88 80 475 14 11 114 95 120 121 102 103
c 14 13 12
c 121 111
c 1 77
c 1 78
c 80 79 472
c 103 87
c 121 112
c 114 96
c 114 113
c 114 101
c 83 81
b 2 148 139 140 20 147 135 127 131 134 29 208 205 206 129 145 146 18 149
c 2 175 500 181
c 145 151
c 146 143
c 145 150
c 129 144
c 205 527 494
c 29 207
c 131 133 132
c 127 137
c 140 141
c 131 19
c 127 138
c 135 136
b 3 512 488 491 504 509 493 530 525 508 522 528 521 533 520 496 490 510 489 502 511 507 165 161 514 487 194
c 194 516 519 517
c 194 193 195 515 196 186
c 508 531
c 521 495
c 521 523
c 520 526
c 493 506
c 533 532 524 529
c 508 518
c 161 501
c 3 503
c 3 497
c 489 486
c 510 513
c 502 485
c 502 499
c 511 505
c 511 498 170
c 496 128 125
c 521 213 214 216 492
b 4 201 26 199 197 189 185 221 453 458 247 311 310 309 298 40 258 36 260 245
c 4 246 249
c 36 250
c 36 244
c 258 243
c 40 254 248
c 260 253
c 260 259
c 40 312 308
c 260 37
c 309 306 44
c 309 333 456 540
c 221 450 220
c 185 188
c 26 200
c 26 191 202
c 199 198
b 5 231 35 230 224 211 209 212 222 448 449 386 225 228 223 31 219 218 142 109 130 124 107 94 116 108 100 123 115 91
c 218 32
c 218 106 110
c 115 119
c 115 99
c 108 89
c 91 118
c 91 235
c 91 98 232
c 225 239
c 225 234
c 386 34
c 209 30
c 211 215
c 35 229
c 228 227 33
c 218 217 28 204
c 212 210
c 142 152
c 142 154
c 124 126
c 124 17 156 155 153
c 116 90 104
c 116 93
c 100 16
b 6 278 178 168 159 169 177 171 21 167 22 25 179 172 162 284 283 277 265 289 286 292 264 276 275 263 287 290
c 287 272 274 24
c 178 163
c 168 180
c 168 157
c 172 158 176
c 172 160
c 169 23
c 22 174
c 169 173 166
c 169 164
c 171 280
c 287 279
c 287 271
c 284 281
c 283 268
b 7 294 315 297 261 267 39 38 252 295 262 273 326 316 332 323 45 320 318 327 266 293 285 288 42 317 324 319
c 323 321
c 316 325 322
c 316 314
c 332 48
c 319 47
c 319 330 313 329
c 252 251
c 252 255 256 257
c 252 184 182 27 190 203
c 252 183 187 192 282 43
c 266 41
c 42 269 270
c 332 331
c 267 296 291
b 8 354 52 350 347 357 352 355 353 359 362 46 328 49 50 345 360 361 344 299 300 303 302 305
c 302 534 334 380 375 379
c 357 364
c 352 356
c 8 358 51
c 360 351
c 344 349
c 328 363 346
c 302 301
c 300 304
c 302 307 338 56
c 49 53
c 49 348
b 9 71 72 443 429 428 445 440 436 435 442 432 434 424 419 447 418 408 412 66 378 373 426 70 57 430 431
c 373 60 59
c 57 382 58 377 376 383
c 373 384
c 378 61
c 66 401 381 407
c 66 400 397
c 418 405
c 408 410
c 431 425
c 412 437
c 431 422
c 70 55
c 432 438
c 436 441
c 436 423
c 445 446 439
c 429 427
c 440 444
c 72 68
b 10 465 74 468 236 105 97 92 75 86 479 473 476 481 480 69 474 462 414 399 460 413 365 466 233 392 242 237 238 469
c 462 483
c 462 482
c 462 76
c 10 461
c 462 467
c 462 85 84
c 480 421 433
c 460 464
c 365 463
c 466 470
c 74 15
c 105 117 122
c 242 240
c 242 241
c 237 226
c 392 459
c 399 404 420
c 481 477
c 473 471
