b 0 535 536 342 371 336 537 54 67 403 398 411 415 417 416 366 394 457 541 455 73 63 454 387 389 62 388 385 393 367
c 342 339
c 0 341
c 454 542
c 393 539 395
c 367 391
c 367 368
c 536 372 369
c 535 337
c 342 340
c 342 343
c 537 335
c 537 65
c 54 374
c 403 402
c 411 406
c 416 409
c 366 370
c 415 64
c 385 396
c 387 390
c 62 452 451
c 367 538
b 1 484 79 78 13 12 121 120 95 103 478 83 82 88 80
c 95 113
c 95 114 101
c 95 11
c 95 96
c 121 111
c 1 77
c 78 14
c 80 475
c 83 81
c 79 472
c 103 87
c 121 102
c 121 112
b 2 148 139 140 20 147 135 127 131 134 29 208 205 206 129 145 146 18 149
c 2 175 500 181
c 145 151
c 146 143
c 145 150
c 129 144
c 205 527 494
c 29 207
c 131 133 132
c 127 137
c 140 141
c 131 19
c 127 138
c 135 136
b 3 512 488 491 504 509 493 506 520 496 490 510 489 497 501 165 161 194 193 516 519 508 525 522 528 521 533 532 529
c 519 517
c 516 195
c 516 515 196 186
c 529 531
c 521 495
c 521 523
c 520 526
c 493 530
c 529 524
c 519 518
c 488 487
c 3 503
c 489 486
c 510 513
c 489 485 502 499
c 161 514
c 165 507 505
c 165 498 170
c 165 511
c 496 128 125
c 521 213 214 216 492
b 4 201 200 199 198 189 185 221 450 220 453 458 247 311 310 309 298 40 258 36 253
c 4 246 249
c 36 250
c 36 244
c 258 243
c 40 254 248
c 253 260
c 253 259
c 40 312 308
c 253 37
c 253 245
c 185 197
c 185 188
c 200 26 191 202
c 309 306 44
c 309 333 456 540
b 5 231 35 229 234 224 211 209 448 449 386 28 217 218 106 32 219 142 109 130 124 107 94 116 108 100 16 123 115 118
c 106 91 235
c 35 230
c 234 228 33 227
c 32 223 31
c 234 225 239
c 386 34
c 209 212
c 209 30
c 211 215
c 209 222
c 209 210
c 28 204
c 142 152
c 142 154
c 124 126
c 124 17 156 155 153
c 116 90 104
c 116 93
c 106 110
c 115 119
c 115 99
c 108 89
c 231 98 232
b 6 278 178 168 159 169 167 25 179 172 162 284 283 277 265 289 286 292 264 276 275 263 279 271 287 272 274 290
c 284 281
c 172 160
c 172 158 176
c 178 163
c 168 180
c 168 157
c 169 23
c 167 174
c 167 22
c 167 171 177
c 167 21
c 274 24
c 169 173 166
c 169 164
c 274 280
c 283 268
b 7 294 315 297 261 267 39 252 295 262 273 326 316 332 323 45 320 318 327 266 293 285 288 42 317 324 319
c 316 325 322
c 323 321 314
c 332 48
c 319 47
c 319 330 313 329
c 252 251
c 252 255 256 257
c 252 184 182 27 190 203
c 252 183 187 192 282 43
c 39 38
c 266 41
c 42 269 270
c 332 331
c 267 296 291
b 8 354 52 350 347 357 352 355 353 359 362 46 328 50 345 360 361 344 349 363 346 299 303 302 305
c 302 534 334 380 375 379
c 357 364
c 352 356
c 8 358 51
c 360 351
c 302 301
c 299 300 304
c 302 307 338 56
c 50 49
c 50 348
c 363 53
b 9 71 72 443 429 428 445 440 444 424 436 441 432 434 419 447 418 408 412 66 401 381 407 397 378 373 60 59 70 422
c 412 426
c 412 437 425
c 408 410
c 418 405
c 66 400
c 422 431
c 432 438
c 441 442
c 436 435
c 436 423
c 445 446 439
c 429 427
c 72 68
c 70 430
c 70 382 58 377 376 383
c 373 384
c 378 61
c 70 57
c 70 55
b 10 465 74 15 92 97 105 236 470 75 86 461 462 85 84 474 481 477 421 433 399 413 365 392 241 242 469
c 86 479 473 471 476
c 477 480 69
c 85 414
c 461 460
c 461 76
c 462 483
c 462 482
c 85 467
c 461 464
c 365 463
c 465 466
c 74 468
c 105 117 122
c 241 240
c 392 233
c 241 237 238 226
c 392 459
c 399 404 420
