b 0 337 340 342 343 336 54 67 398 411 415 416 366 368 391 367 457 394 541 73 63 454 387 389 62 388 385
c 342 371
c 366 370
c 415 417
c 411 406
c 336 65
c 67 403
c 54 537 335
c 342 339
c 0 341
c 454 542
c 385 539 395
c 385 393
c 385 396
c 387 390
c 62 452 451
c 541 455
c 337 372 369
c 337 535
c 337 536
c 54 374
c 398 402
c 415 64
c 416 409
c 367 538
b 1 484 87 102 121 95 114 11 14 475 80 79
c 79 472
c 79 78
c 1 77
c 14 13 12
c 121 111
c 102 103
c 95 120
c 95 96
c 114 113
c 114 101
c 121 112
c 484 478 83 81 88 82
b 2 148 20 147 135 127 131 129 145 151 149
c 147 139 140 141
c 127 137
c 131 19
c 145 150
c 129 134 29 208 205 206
c 129 144
c 145 146 18
c 145 143
c 131 133 132
c 129 207 494 527
c 151 181 175 500
c 127 138
c 135 136
b 3 491 530 508 518 517 516 196 531 495 521 533 506 489 485 511 507 165 514 501
c 3 512
c 491 488 487 194 193
c 516 519
c 196 186
c 196 515 195
c 508 524 529
c 508 525
c 530 493 509 504
c 3 503
c 3 497
c 489 510 490 513
c 489 486 128 125
c 506 496
c 506 520 526
c 530 522 528
c 533 532
c 521 523
c 521 213 214 216 492
c 485 502 499
c 165 161
c 511 498 505
c 165 170
b 4 201 246 36 250 258 243 312 308 253 311 310 309 298 333 456 458 453 450 221 185 189 197 26 200
c 36 244
c 246 249
c 250 245
c 36 40
c 312 254 248
c 253 260
c 253 259
c 253 37
c 309 306 44
c 456 540 247
c 201 202
c 26 191
c 26 199 198
c 185 188
c 450 220
b 5 91 106 32 223 31 230 234 225 34 386 30 211 152 142 130 124 107 94 116 93 108 100 115 119
c 5 231 35 229
c 234 224
c 211 215
c 234 228 33 227
c 32 219 218 217 28 204
c 211 212 210
c 211 222 209
c 386 448 449
c 225 239
c 91 235
c 91 98 99
c 108 89
c 100 123
c 91 118
c 106 110
c 100 16
c 91 232
c 142 154
c 124 126
c 130 109
c 124 17 156 155 153
c 93 90 104
b 6 178 180 159 169 177 171 21 22 25 172 162 284 283 263 289 286 271 279 272 274 290 276 281
c 172 158 176
c 172 160 157
c 178 168
c 178 163
c 169 23
c 178 179
c 276 278
c 276 275
c 263 264
c 263 292
c 271 287
c 274 24
c 22 174
c 22 167
c 169 173 166
c 169 164
c 274 280
c 283 265
c 283 277
c 283 268
b 7 294 326 324 323 321 325 322 42 318 293 266 43 192 190 203 183 182 267 38 39 252 273
c 294 315 297
c 267 261
c 190 184 27
c 192 187
c 43 282
c 252 256 257 255 251
c 38 295 262
c 326 319 330 47 329 313
c 325 316 332 48
c 325 314
c 323 45
c 42 320
c 318 327
c 318 317
c 293 285 288
c 42 269
c 266 41
c 42 270
c 325 331
c 267 296 291
b 8 354 52 347 356 352 355 353 359 362 46 328 50 49 345 361 360 344 300 303 302 307 338 56 380 375 379 364 357
c 52 350
c 361 351
c 344 349
c 328 363 346
c 302 301
c 303 299
c 307 304
c 302 305
c 307 534
c 338 334
c 361 51
c 8 358
c 50 348
c 50 53
b 9 71 442 441 436 440 445 446 428 418 408 410 66 378 426 70 422
c 71 72
c 442 443
c 428 429
c 428 427
c 436 435
c 441 432 434 424
c 440 444 419
c 418 447
c 418 405
c 408 397
c 66 400 407 381
c 66 401
c 426 412 437 425
c 422 431 438
c 436 423
c 446 439
c 71 68
c 70 430
c 70 382 58 377 376 383
c 378 60 59
c 378 373 384
c 378 61
c 70 57
c 70 55
b 10 465 74 92 105 237 226 242 392 365 463 76 86 479 473 476 481 480 414 399 404 85 84 462
c 74 468
c 105 236
c 105 97
c 105 117
c 465 470
c 465 466
c 74 15
c 76 75
c 10 461 460 413
c 392 469
c 392 233
c 242 240
c 242 241
c 237 238
c 392 459
c 85 467
c 462 483
c 462 482
c 85 464
c 404 433
c 480 69
c 84 474
c 481 477
c 480 421
c 404 420
c 473 471
c 105 122
