b 0 337 340 342 343 336 54 67 398 411 415 416 366 368 391 367 457 394 541 73 63 454 387 389 62 388 385
c 342 371
c 366 370
c 415 417
c 411 406
c 336 65
c 67 403
c 54 537 335
c 342 339
c 0 341
c 454 542
c 385 539 395
c 385 393
c 385 396
c 387 390
c 62 452 451
c 541 455
c 337 372 369
c 337 535
c 337 536
c 54 374
c 398 402
c 415 64
c 416 409
c 367 538
b 1 484 87 102 121 95 114 11 14 475 80 79
c 79 472
c 79 78
c 1 77
c 14 13 12
c 121 111
c 102 103
c 95 120
c 95 96
c 114 113
c 114 101
c 121 112
c 484 478 83 81 88 82
b 2 148 20 147 135 127 131 129 145 151 149
c 147 139 140 141
c 127 137
c 131 19
c 145 150
c 129 134 29 208 205 206
c 129 144
c 145 146 18
c 145 143
c 131 133 132
c 129 207 494 527
c 151 181 175 500
c 127 138
c 135 136
b 3 491 530 508 518 517 516 196 531 495 521 533 506 489 485 511 507 165 514 501
c 3 512
c 491 488 487 194 193
c 516 519
c 196 186
c 196 515 195
c 508 524 529
c 508 525
c 530 493 509 504
c 3 503
c 3 497
c 489 510 490 513
c 489 486 128 125
c 506 496
c 506 520 526
c 530 522 528
c 533 532
c 521 523
c 521 213 214 216 492
c 485 502 499
c 165 161
c 511 498 505
c 165 170
b 4 201 246 36 40 258 254 253 310 456 458 450 185 189 197 200 191
c 191 202
c 200 26 199 198
c 185 188
c 450 221
c 450 220
c 458 453
c 456 540 247
c 253 311
c 310 309 298
c 40 312 308
c 258 243
c 36 244
c 36 250 245
c 246 249
c 254 248
c 253 260
c 253 259
c 253 37
c 310 306 44
c 310 333
b 5 106 124 142 30 209 222 386 234 115
c 5 235 231 35 230
c 234 229
c 234 224 211 215
c 386 34
c 234 225 239
c 234 228 227 33
c 106 223 31 219 218 217
c 30 28 204
c 209 212 210
c 386 448 449
c 106 91 118 98 99
c 115 119
c 106 110 108 100 16 123
c 115 89
c 5 232
c 106 93 90 104 94 107
c 106 116
c 106 32
c 142 152
c 142 154
c 124 126
c 124 109 130
c 124 17 156 155 153
b 6 278 178 168 180 159 169 22 167 274 287 286 275 281 158 157
c 178 179
c 158 172 160
c 178 163
c 22 25
c 158 162
c 281 284 283 277 265 289
c 286 292 264 276
c 275 263
c 287 279
c 287 271
c 287 272
c 274 24
c 169 23
c 22 174
c 167 171 177
c 167 21
c 169 173 166
c 169 164
c 274 280
c 274 290
c 281 268
c 158 176
b 7 294 262 273 252 267 38 184 182 190 203 187 192 282 293 285 317 323 321 325 316 326 319 330 313 329
c 294 315 297
c 267 261
c 252 256 255 257 251
c 38 295
c 293 266 41
c 282 43
c 184 27
c 203 183
c 38 39
c 329 47
c 316 332 48
c 325 322
c 325 314
c 323 45 320 318 327
c 317 324
c 285 288
c 285 42 269 270
c 316 331
c 267 296 291
b 8 354 52 350 347 356 355 353 362 345 49 50 328 363 53 351 344 299 303 302 534 338 56 380 375 379 364 357
c 302 301
c 299 300
c 363 346
c 344 349
c 345 361 360 51
c 8 358 352
c 362 359
c 362 46
c 49 348
c 302 305
c 302 307 304
c 338 334
b 9 71 441 436 440 446 439 428 427 418 397 378 426 70
c 71 72
c 427 443
c 427 429
c 436 435
c 441 442
c 441 432 434 424
c 440 444 419
c 418 447
c 418 408 410
c 418 405
c 418 425 437
c 70 422 431 438
c 436 423
c 440 445
c 71 68
c 70 430
c 70 382 58 377 376 383
c 378 60 59
c 378 373 384
c 426 412 66 400
c 397 407 381
c 378 401
c 378 61
c 70 57
c 70 55
b 10 461 76 92 97 105 236 237 241 392 404 420 85 69 477 476
c 10 466 74 15
c 76 75 86 479 473 471
c 477 481
c 477 480 421
c 404 433
c 85 414 399
c 461 460 413 365 463
c 10 465 470 468
c 105 117 122
c 241 240
c 241 242
c 237 238
c 237 226
c 392 469
c 392 233
c 392 459
c 461 462 483 482
c 85 467
c 85 84 474
c 461 464
