b 0 340 342 335 336 65 67 403 398 411 415 417 366 371 536 372 369 457 541 455 73 63 454 539 367 368 387 389 388 451
c 0 341
c 454 542
c 457 394
c 0 337 535
c 342 339
c 342 343
c 336 537
c 67 54 374
c 403 402
c 411 406
c 417 416
c 366 370
c 417 409
c 367 391
c 389 385 396 393
c 539 395
c 389 62
c 451 452
c 387 390
c 415 64
c 367 538
b 1 77 484 87 102 103 121 111 12 13 14 78 79 80 475 88 82 83 81 472 478 120 95 114 101 11 96 113 112
b 2 148 139 140 20 147 135 127 131 133 132 207 494 527 205 206 129 144 145 146 18 149 143 150 134 29 151 181 175 500
c 140 141
c 127 137
c 131 19
c 29 208
c 127 138
c 135 136
b 3 503 504 509 530 508 518 194 193 195 515 196 186 531 495 521 533 523 496 125 490 510 489 485 511 505 498 170 161 501
c 3 512 488 491
c 194 487
c 161 514
c 161 165
c 511 507
c 485 502 499
c 3 497
c 489 486
c 510 513
c 496 520 526
c 504 506
c 530 493
c 508 525
c 530 522 528
c 533 532 524 529
c 518 517 519
c 193 516
c 508 492 216
c 521 213 214
c 496 128
b 4 246 36 244 250 40 258 312 308 248 260 259 311 310 309 306 44 333 456 458 453 450 220 185 189 197 26 200 191 199
c 4 201
c 191 202
c 258 243
c 312 254
c 260 253
c 260 37
c 250 245
c 246 249
c 185 188
c 199 198
c 450 221
c 456 540 247
c 309 298
b 5 231 230 224 211 30 31 223 209 212 210 34 227 32 218 106 130 126 17 156 90 104 108 89 123 119 118 235 98 232
c 231 35 229
c 34 234 225 239
c 211 228
c 227 33
c 32 219
c 218 217 28 204
c 211 215
c 34 386 448 449
c 209 222
c 126 152 154
c 126 142
c 130 109
c 17 124
c 104 107
c 104 94 116 93
c 106 110
c 119 115
c 98 99
c 106 91
c 108 100 16
c 156 155
c 156 153
b 6 278 178 163 180 159 173 166 164 177 21 167 22 174 274 272 287 271 286 292 264 276 275 263 281 283 268 172 160 158
c 178 168
c 22 25
c 178 179
c 174 23
c 159 169
c 164 171
c 274 24
c 274 290
c 281 284
c 283 277
c 268 265 289
c 287 279
c 274 280
c 160 157
c 158 176
c 172 162
b 7 295 262 273 315 297 43 282 27 190 203 184 182 267 252 255 313 47 329 332 316 323 45 320 318 324 293 285 42 269
c 273 294
c 316 326 319 330
c 332 48
c 316 325 322
c 323 321 314
c 318 317
c 318 327
c 293 266 41
c 267 261
c 255 256
c 255 257
c 255 251
c 267 38 39
c 203 183
c 203 187 192
c 285 288
c 269 270
c 332 331
c 267 296 291
b 8 354 350 347 356 352 355 353 359 362 348 49 363 53 360 344 301 299 300 303 302 534 338 380 375 379 364 357 358 51
c 354 52
c 302 305
c 360 351
c 344 349
c 360 361
c 49 345
c 49 50
c 49 328
c 363 346
c 300 304
c 302 307
c 338 334
c 380 56
c 362 46
b 9 71 72 442 441 436 423 427 429 445 444 424 438 431 70 57 382 58 377 376 60 59 373 412 66 401 407 405 408 425
c 427 443
c 436 435
c 441 432 434
c 445 440
c 445 446 439
c 429 428
c 72 68
c 408 447
c 408 418
c 408 410
c 412 437
c 431 422
c 70 55 426
c 373 378 61
c 407 381
c 66 400 397
c 70 430
c 376 383
c 373 384
c 424 419
b 10 465 74 15 75 479 471 476 477 421 420 467 76 483 84 85 464 460 413 365 463 466 468 105 226 241 242 392 469 233
c 15 92
c 105 97
c 105 117
c 105 236
c 466 470
c 241 240
c 226 237 238
c 392 459
c 10 461
c 467 462 482
c 75 86
c 479 473
c 477 481
c 477 480 69
c 84 474
c 85 414
c 460 399
c 420 404 433
c 105 122
